Pvm;Sademäärä;Mustikkamaa;Kauppatori;Hakaniemi
01.01.2016;0.0;443;0;0
02.01.2016;0.0;363;0;0
03.01.2016;1.9;327;0;0
04.01.2016;0.6;170;0;0
05.01.2016;0.6;118;0;0
06.01.2016;0.0;88;0;0
07.01.2016;0.0;48;0;0
08.01.2016;0.4;48;0;0
09.01.2016;0.7;106;0;0
10.01.2016;0.8;162;0;0
11.01.2016;0.1;25;0;0
12.01.2016;13.2;12;0;0
13.01.2016;1.5;46;0;0
14.01.2016;0.5;43;0;0
15.01.2016;0.2;30;0;0
16.01.2016;0.0;84;0;0
17.01.2016;0.2;129;0;0
18.01.2016;2.7;29;0;0
19.01.2016;0.7;35;0;0
20.01.2016;0.0;27;0;0
21.01.2016;0.3;25;0;0
22.01.2016;0.0;20;0;0
23.01.2016;0.1;226;0;0
24.01.2016;10.0;146;0;0
25.01.2016;0.5;45;0;0
26.01.2016;14.0;30;0;0
27.01.2016;3.7;32;0;0
28.01.2016;7.3;31;0;0
29.01.2016;1.9;56;0;0
30.01.2016;1.3;289;0;0
31.01.2016;0.0;320;0;0
01.02.2016;0.0;82;0;0
02.02.2016;8.2;41;0;0
03.02.2016;4.9;132;0;0
04.02.2016;0.3;113;0;0
05.02.2016;0.0;59;0;0
06.02.2016;4.6;362;0;0
07.02.2016;2.1;205;0;0
08.02.2016;4.1;52;0;0
09.02.2016;6.1;67;0;0
10.02.2016;10.7;22;0;0
11.02.2016;12.3;54;0;0
12.02.2016;8.2;71;0;0
13.02.2016;3.1;447;0;0
14.02.2016;7.2;349;0;0
15.02.2016;0.3;106;0;0
16.02.2016;0.0;205;0;0
17.02.2016;0.0;98;0;0
18.02.2016;2.1;143;0;0
19.02.2016;1.2;258;0;0
20.02.2016;9.8;223;0;0
21.02.2016;5.4;172;0;0
22.02.2016;1.5;377;0;0
23.02.2016;0.0;582;0;0
24.02.2016;0.0;631;0;0
25.02.2016;0.0;774;0;0
26.02.2016;2.2;601;0;0
27.02.2016;0.0;910;0;0
28.02.2016;0.0;1055;0;0
29.02.2016;0.0;229;0;0
01.03.2016;0.0;377;0;0
02.03.2016;0.0;313;0;0
03.03.2016;0.0;233;0;0
04.03.2016;0.0;210;0;0
05.03.2016;0.1;536;0;0
06.03.2016;0.7;546;0;0
07.03.2016;4.7;366;0;0
08.03.2016;0.3;220;0;0
09.03.2016;2.9;234;0;0
10.03.2016;0.0;295;0;0
11.03.2016;0.0;329;0;0
12.03.2016;0.0;1179;0;0
13.03.2016;0.0;910;0;0
14.03.2016;0.0;172;0;0
15.03.2016;0.0;246;0;0
16.03.2016;0.0;408;0;0
17.03.2016;0.7;215;0;0
18.03.2016;3.2;281;0;0
19.03.2016;0.0;489;0;0
20.03.2016;0.0;422;0;0
21.03.2016;0.2;108;0;0
22.03.2016;0.0;167;0;0
23.03.2016;0.0;146;0;0
24.03.2016;0.0;198;0;0
25.03.2016;0.3;1522;0;0
26.03.2016;0.2;1303;0;0
27.03.2016;0.0;2597;0;0
28.03.2016;0.0;3419;0;0
29.03.2016;0.0;289;0;0
30.03.2016;0.0;166;0;0
31.03.2016;0.0;212;0;0
01.04.2016;0.0;226;0;0
02.04.2016;0.0;1651;0;0
03.04.2016;4.7;270;0;0
04.04.2016;0.0;255;0;0
05.04.2016;0.8;244;0;0
06.04.2016;5.1;372;0;0
07.04.2016;0.8;216;0;0
08.04.2016;0.3;330;0;0
09.04.2016;0.5;906;0;0
10.04.2016;0.0;1702;0;0
11.04.2016;0.0;302;0;0
12.04.2016;0.0;341;0;0
13.04.2016;0.0;423;0;0
14.04.2016;0.0;365;0;0
15.04.2016;0.0;498;0;0
16.04.2016;0.0;1879;0;0
17.04.2016;3.3;238;0;0
18.04.2016;1.2;221;0;0
19.04.2016;2.7;257;0;0
20.04.2016;2.1;252;0;0
21.04.2016;0.0;407;0;0
22.04.2016;4.8;352;0;0
23.04.2016;1.5;984;0;0
24.04.2016;9.1;807;0;0
25.04.2016;7.1;176;0;0
26.04.2016;15.2;383;0;0
27.04.2016;1.8;380;0;0
28.04.2016;10.9;389;0;0
29.04.2016;0.8;467;0;0
30.04.2016;0.0;1136;0;0
01.05.2016;0.0;2065;281;0
02.05.2016;0.0;638;204;0
03.05.2016;0.0;634;117;0
04.05.2016;0.0;627;165;0
05.05.2016;0.0;3809;582;0
06.05.2016;0.0;2369;509;0
07.05.2016;0.0;2747;592;0
08.05.2016;0.0;2651;429;0
09.05.2016;0.0;538;124;0
10.05.2016;0.0;825;375;0
11.05.2016;0.8;846;128;0
12.05.2016;0.0;1080;163;0
13.05.2016;0.0;898;145;0
14.05.2016;2.8;728;110;0
15.05.2016;3.1;1113;116;0
16.05.2016;1.7;727;79;0
17.05.2016;0.0;1269;401;0
18.05.2016;0.0;1267;246;0
19.05.2016;0.0;1281;293;0
20.05.2016;0.0;1261;277;0
21.05.2016;0.0;2479;523;0
22.05.2016;0.0;2382;437;0
23.05.2016;0.0;1244;369;0
24.05.2016;0.0;2302;483;0
25.05.2016;0.0;1898;309;0
26.05.2016;0.0;1562;366;0
27.05.2016;0.0;1501;358;0
28.05.2016;0.0;2743;565;0
29.05.2016;0.0;2418;367;0
30.05.2016;0.0;1392;421;0
31.05.2016;0.0;1987;537;0
01.06.2016;0.0;2583;479;219
02.06.2016;13.4;2279;342;76
03.06.2016;0.0;1425;408;0
04.06.2016;0.0;2927;715;0
05.06.2016;0.3;2256;444;0
06.06.2016;0.0;1463;341;0
07.06.2016;0.0;2388;756;0
08.06.2016;8.6;783;143;0
09.06.2016;0.0;1612;214;0
10.06.2016;0.5;1237;340;0
11.06.2016;0.0;3057;923;0
12.06.2016;0.0;2680;635;0
13.06.2016;0.0;1829;551;0
14.06.2016;0.0;2484;789;0
15.06.2016;0.0;2846;1128;0
16.06.2016;53.0;482;112;0
17.06.2016;8.3;1228;497;0
18.06.2016;36.7;537;123;0
19.06.2016;3.0;1792;377;0
20.06.2016;0.0;2256;749;0
21.06.2016;0.0;2269;873;0
22.06.2016;0.0;2005;803;0
23.06.2016;1.1;962;462;0
24.06.2016;0.3;1401;337;0
25.06.2016;0.0;4117;937;0
26.06.2016;0.0;2371;523;0
27.06.2016;15.9;427;145;0
28.06.2016;0.0;2819;1313;0
29.06.2016;0.0;3061;1402;0
30.06.2016;0.2;2210;804;0
01.07.2016;0.0;2540;940;0
02.07.2016;5.7;4009;1557;0
03.07.2016;6.7;1260;360;0
04.07.2016;12.3;1610;418;125
05.07.2016;1.5;2691;927;0
06.07.2016;0.0;5001;1554;0
07.07.2016;6.2;811;191;68
08.07.2016;0.0;2902;926;0
09.07.2016;0.0;5373;1602;0
10.07.2016;1.3;2533;662;0
11.07.2016;3.6;3298;1172;0
12.07.2016;0.9;3671;1376;0
13.07.2016;0.0;4849;1827;0
14.07.2016;0.0;4939;1629;0
15.07.2016;17.6;503;105;0
16.07.2016;0.0;5353;1735;0
17.07.2016;0.0;3445;858;0
18.07.2016;0.1;4322;1460;0
19.07.2016;0.0;4669;1866;0
20.07.2016;0.0;4543;1961;0
21.07.2016;0.1;4096;1408;0
22.07.2016;0.0;3741;1122;0
23.07.2016;0.2;4138;1430;0
24.07.2016;0.0;3499;1153;0
25.07.2016;0.0;3051;1246;0
26.07.2016;0.0;3382;1609;0
27.07.2016;0.0;3342;1575;0
28.07.2016;0.7;3252;1255;0
29.07.2016;1.4;3138;1108;0
30.07.2016;0.0;4027;1578;0
31.07.2016;1.3;2405;704;0
01.08.2016;0.0;2640;974;0
02.08.2016;0.1;3408;1413;0
03.08.2016;0.1;3192;1323;0
04.08.2016;6.0;1201;401;0
05.08.2016;0.0;2725;922;0
06.08.2016;4.8;3249;892;0
07.08.2016;0.0;3109;782;0
08.08.2016;0.0;2578;796;0
09.08.2016;1.7;2314;828;0
10.08.2016;2.5;2144;651;0
11.08.2016;1.9;1572;521;0
12.08.2016;0.4;1771;497;0
13.08.2016;3.0;3001;606;307
14.08.2016;9.5;1344;455;0
15.08.2016;0.0;1300;525;0
16.08.2016;2.8;286;92;0
17.08.2016;3.7;510;171;0
18.08.2016;2.7;668;219;0
19.08.2016;1.4;1076;443;0
20.08.2016;0.0;3489;1068;0
21.08.2016;0.1;3332;614;0
22.08.2016;1.2;245;169;0
23.08.2016;0.0;695;216;0
24.08.2016;0.0;969;246;0
25.08.2016;0.0;608;254;0
26.08.2016;5.8;564;166;0
27.08.2016;0.0;3096;702;0
28.08.2016;0.0;2117;541;0
29.08.2016;11.6;122;35;0
30.08.2016;1.4;326;102;0
31.08.2016;0.0;757;193;0
01.09.2016;0.0;491;167;0
02.09.2016;0.0;7925;775;0
03.09.2016;29.0;2350;343;0
04.09.2016;9.6;1299;170;0
05.09.2016;0.0;316;73;0
06.09.2016;0.0;456;99;0
07.09.2016;0.0;334;136;0
08.09.2016;0.0;447;96;0
09.09.2016;0.0;9791;1007;0
10.09.2016;0.0;2266;578;0
11.09.2016;0.0;2151;257;0
12.09.2016;0.0;402;73;0
13.09.2016;0.0;375;92;0
14.09.2016;0.0;438;62;0
15.09.2016;0.0;446;57;0
16.09.2016;0.0;558;103;0
17.09.2016;0.0;1525;199;0
18.09.2016;0.0;1562;208;0
19.09.2016;0.0;215;44;0
20.09.2016;0.0;334;88;0
21.09.2016;0.0;1523;270;0
22.09.2016;0.0;621;48;0
23.09.2016;0.0;398;48;0
24.09.2016;0.0;1320;173;0
25.09.2016;0.0;1234;136;0
26.09.2016;0.0;263;46;0
27.09.2016;0.0;325;66;0
28.09.2016;5.3;176;35;0
29.09.2016;5.9;237;123;0
30.09.2016;0.5;276;53;0
01.10.2016;0.0;1180;0;0
02.10.2016;0.0;1106;0;0
03.10.2016;0.0;196;0;0
04.10.2016;0.0;6176;0;0
05.10.2016;0.0;246;0;0
06.10.2016;0.0;335;0;0
07.10.2016;0.0;292;0;0
08.10.2016;0.0;811;0;0
09.10.2016;0.5;741;0;0
10.10.2016;0.0;236;0;0
11.10.2016;0.0;215;0;0
12.10.2016;0.0;174;0;0
13.10.2016;0.0;222;0;0
14.10.2016;0.0;687;0;0
15.10.2016;0.7;688;0;0
16.10.2016;0.0;848;0;0
17.10.2016;0.0;658;0;0
18.10.2016;0.0;815;0;0
19.10.2016;0.0;894;0;0
20.10.2016;0.0;1299;0;0
21.10.2016;0.0;987;0;0
22.10.2016;0.0;841;0;0
23.10.2016;0.2;673;0;0
24.10.2016;0.5;171;0;0
25.10.2016;1.1;223;0;0
26.10.2016;0.0;204;0;0
27.10.2016;11.7;148;0;0
28.10.2016;10.3;89;0;0
29.10.2016;0.0;797;0;0
30.10.2016;0.2;675;0;0
31.10.2016;0.2;154;0;0
01.11.2016;0.5;124;0;0
02.11.2016;5.6;81;0;0
03.11.2016;0.0;211;0;0
04.11.2016;0.0;234;0;0
05.11.2016;0.0;526;0;0
06.11.2016;1.0;233;0;0
07.11.2016;4.0;96;0;0
08.11.2016;4.1;76;0;0
09.11.2016;9.9;42;0;0
10.11.2016;1.9;103;0;0
11.11.2016;0.0;152;0;0
12.11.2016;0.1;255;0;0
13.11.2016;0.2;232;0;0
14.11.2016;0.6;69;0;0
15.11.2016;1.9;91;0;0
16.11.2016;5.9;124;0;0
17.11.2016;5.6;36;0;0
18.11.2016;0.4;134;0;0
19.11.2016;1.7;383;0;0
20.11.2016;9.7;207;0;0
21.11.2016;6.1;37;0;0
22.11.2016;0.6;158;0;0
23.11.2016;2.0;61;0;0
24.11.2016;3.4;74;0;0
25.11.2016;0.0;127;0;0
26.11.2016;11.1;312;0;0
27.11.2016;0.5;307;0;0
28.11.2016;0.2;80;0;0
29.11.2016;0.9;40;0;0
30.11.2016;2.6;144;0;0
01.12.2016;0.0;118;0;0
02.12.2016;0.0;95;0;0
03.12.2016;0.0;189;0;0
04.12.2016;1.4;313;0;0
05.12.2016;0.0;170;0;0
06.12.2016;0.0;311;0;0
07.12.2016;0.6;64;0;0
08.12.2016;5.2;84;0;0
09.12.2016;0.0;83;0;0
10.12.2016;0.0;215;0;0
11.12.2016;0.0;175;0;0
12.12.2016;0.0;43;0;0
13.12.2016;0.0;53;0;0
14.12.2016;1.8;106;0;0
15.12.2016;0.0;70;0;0
16.12.2016;0.0;106;0;0
17.12.2016;1.3;195;0;0
18.12.2016;0.3;252;0;0
19.12.2016;0.6;89;0;0
20.12.2016;0.2;170;0;0
21.12.2016;0.2;70;0;0
22.12.2016;0.0;101;0;0
23.12.2016;0.1;124;0;0
24.12.2016;7.4;41;0;0
25.12.2016;1.3;536;0;0
26.12.2016;1.5;544;0;0
27.12.2016;2.1;509;0;0
28.12.2016;0.0;749;0;0
29.12.2016;0.0;541;0;0
30.12.2016;0.0;546;0;0
31.12.2016;0.0;483;0;0
