1999737
1822269
1742094
1621898
1590594
1576190
1547569
1517965
1512093
1522695
1495004
1643291
1475033
1468024
1465999
1532056
1536854
1546677
1557731
1541962
1532419
1536210
1539774
1684605
1527909
1530162
1526255
1570611
1603498
1593954
1627100
1594914
1604888
1620407
1607466
1700451
1595944
1586591
1634781
1629765
1643116
1676332
1696612
1658208
1679850
1686234
1673431
1761363
1649461
1659984
1670692
1737534
1724623
1751712
1767718
1742566
1760087
1785023
1777016
1900511
1727036
1722694
1752968
1800353
1803725
1812039
1814228
1803712
1800873
1810643
1799899
1965456
1800192
1789456
1828414
1854720
1856018
1867040
1879067
1862484
1847074
1875254
1863054
2029872
1860184
1837431
1832903
1912713
1928094
1912465
1927328
1900697
1885475
1896018
1887143
2042277
1879457
1864312
1909964
1915409
1943859
1952638
1983145
1950288
1953289
1968593
1951058
2039266
1924274
1917053
1922514
2001553
1990948
2020298
2029091
1992134
2005150
2012117
1981896
2072932
1942722
1932803
1963998
2013879
2042139
2042134
2047332
2040624
2030237
2036497
2013732
2170680
1981413
1959951
2044625
2025482
2033212
2047418
2049999
2051866
2034633
2047936
2034055
2155551
2008608
2011498
2003785
2072231
2085511
2090554
2107711
2100542
2100875
2108199
2112009
2244302
2124332
2110217
2141784
2187769
2203227
2207923
2257283
2224804
2216656
2210470
2205398
2325767
2186595
2176287
2232372
2237674
2258757
2299225
2329542
2301463
2317122
2319093
2299759
2388984
2282542
2288144
2299267
2372288
2367274
2410001
2419937
2411363
2426654
2429374
2391622
2504087
2359096
2361451
2439919
2438609
2460599
2487369
2495599
2499872
2490472
2492952
2491063
2629768
2459951
2469401
2485657
2550367
2566335
2597069
2602836
2603757
2592189
2607350
2620350
2752034
2588489
2591808
2672637
2699709
2745300
2734018
2757336
2739300
2718240
2718669
2711689
2831279
2729157
2724122
2756456
2745774
2785266
2798052
2845970
2829314
2823089
2836402
2821530
2899678
2818682
2811566
2837580
2883486
2905770
2936084
2971376
2947434
2943255
2947145
2926859
3009541
2940730
2929845
2948746
3004494
3014726
3015457
3033493
